15
0.1812036904 0.5530729471 0.7286364163 0.7744849516 0.6593886838 0.6835648561 0.3822193468 0.2044583351 0.0250333264 0.4855265662 0.9452021099 0.8860904925 0.5573121609 0.1270890731 0.9605793042
0.2700662773 0.5309555675 0.8211837440 0.6751713222 0.1102462530 0.9632905008 0.6270346201 0.4536369628 0.7446953391 0.9931146457 0.0867992385 0.8640682171 0.1433331069 0.3061066897 0.8818372268
0.0710619994 0.3817819877 0.3779219780 0.6198428813 0.9817341580 0.7058728197 0.8188170794 0.1970863905 0.0559607611 0.7623995453 0.7725930026 0.9192657010 0.8142026627 0.8890981467 0.1478411990
0.7099791837 0.8545893294 0.5804572847 0.4409227895 0.2875868887 0.6255082324 0.3758513321 0.0478059251 0.1492357907 0.2907663252 0.4526188189 0.2558317945 0.5650829481 0.7714608254 0.1490926745
0.5566755434 0.5562573438 0.4520164509 0.4912210174 0.5282127257 0.0068598712 0.0974166028 0.5513001713 0.2956983744 0.6433080038 0.2444765325 0.1284746894 0.5016099701 0.6035901681 0.7020767081
0.8080414085 0.7887017872 0.7145020576 0.8235947826 0.9302280502 0.0322628711 0.3966954493 0.8993450755 0.3789991036 0.9452664741 0.3253774331 0.3576548450 0.3875747712 0.2240439408 0.5887562028
0.4602764975 0.7497317268 0.1023114912 0.1068369635 0.8311558422 0.9245871595 0.0378234072 0.4999298298 0.4671463573 0.5274499037 0.2686210044 0.4292385848 0.8450796348 0.6104563182 0.1447911451
0.6711582163 0.3616732201 0.9540903278 0.4668444310 0.8324155522 0.6210763746 0.3143202767 0.5432676199 0.6649462089 0.0194253815 0.1999684446 0.3175007608 0.3974083446 0.6666000131 0.2910611417
0.7085345446 0.3644918786 0.9324429041 0.0512906769 0.2595186061 0.4856889776 0.8080245714 0.4363530554 0.2952171093 0.8219504397 0.8321060835 0.8548080833 0.0518431433 0.5216594306 0.5487727240
0.6992416191 0.6617485052 0.9566124454 0.3342818071 0.8328920801 0.4506412642 0.7442051251 0.9594877895 0.3905364853 0.7364483441 0.6537778986 0.4387791126 0.1323140663 0.2066359745 0.1030849881
0.5572804225 0.3752981105 0.9947460121 0.0651074117 0.9651448811 0.2200097068 0.7771015284 0.7259389715 0.8810813005 0.3876999499 0.5670803603 0.1612316006 0.2568312014 0.4891094251 0.3970505067
0.6316946727 0.7201310467 0.9565475390 0.7470068824 0.8374001662 0.7357656469 0.1885161652 0.4041439055 0.6161540821 0.2026384521 0.6797354068 0.4190437284 0.1229516029 0.1393554125 0.0393119358
0.9618557608 0.4855417412 0.2016386341 0.8359232915 0.1757875648 0.2953850855 0.5219571269 0.1512740270 0.5754233089 0.0637955642 0.7650819178 0.5717128907 0.1438308890 0.9498156280 0.3528428486
0.1027824787 0.0451140998 0.6493815723 0.5271851580 0.1526062378 0.7880118183 0.3245937333 0.2926942013 0.2973998459 0.7513412294 0.8474139635 0.3080763440 0.0160272290 0.2135275492 0.4338709449
0.4806554933 0.9604045528 0.4161579853 0.9528613127 0.3587639262 0.6146872035 0.7354429925 0.8078923952 0.4139770984 0.3885592284 0.7356631377 0.3106207363 0.9584622064 0.2885760810 0.7351255054
0.8917975743 0.7522805010 0.3163950255 0.5278481022 0.3282408350 0.3213038369 0.6538603832 0.0731373056 0.4037108376 0.6284761283 0.5122933391 0.2904172298 0.0670747692 0.0194708227 0.2469690248